# Times Roman Bold (with 15 characters from new disk)
name B
internalname 525
alternate_font
ligatures 0
charset
\|	12	0	0
\^	6	0	0
A	70	2	27
B	66	2	28
C	68	2	29
D	75	2	30
E	66	2	31
F	61	2	32
G	70	2	33
H	81	2	34
I	38	2	35
J	49	2	36
K	70	2	37
L	65	2	38
M	98	2	39
N	77	2	40
O	73	2	41
P	67	2	42
Q	74	2	43
R	70	2	44
S	59	2	45
T	66	2	46
U	78	2	47
V	71	2	48
W	101	2	49
X	71	2	50
Y	70	2	51
Z	70	2	52
a	50	0	1
b	50	2	2
c	46	0	3
d	50	2	4
e	44	0	5
f	35	2	6
g	50	1	7
h	51	2	8
i	28	0	9
j	31	1	10
k	54	2	11
l	27	2	12
m	77	0	13
n	50	0	14
o	50	0	15
p	50	1	16
q	50	1	17
r	39	0	18
s	40	0	19
t	34	2	20
u	50	0	21
v	40	0	22
w	67	0	23
x	55	0	24
y	50	1	25
z	47	0	26
1	52	2	54
2	52	2	55
3	52	2	56
4	52	2	57
5	52	2	58
6	52	2	59
7	52	2	60
8	52	2	61
9	52	2	62
0	52	2	63
$	52	0	77
&	104	0	53
:	26	0	66
;	26	0	67
.	26	0	64
,	26	0	65
`	26	0	74
'	26	0	73
?	52	0	68
!	26	0	69
%	104	0	79
*	52	0	86
(	43	0	70
)	43	0	71
/	48	2	80
hy	37	0	72
-	"
em	96	0	75
en	52	0	76
dg	52	3	88
sc	46	3	87
[	32	0	84
]	32	0	85
