# Times Roman Bold Italic
name PX
internalname 4645
ligatures 0
charset
\|	12	0	0
\^	6	0	0
A	65	2	27
B	67	2	28
C	73	2	29
D	76	2	30
E	68	2	31
F	62	2	32
G	70	2	33
H	86	2	34
I	45	2	35
J	49	2	36
K	75	2	37
L	65	2	38
M	101	2	39
N	81	2	40
O	75	2	41
P	64	2	42
Q	72	2	43
R	69	2	44
S	66	2	45
T	62	2	46
U	72	2	47
V	64	2	48
W	95	2	49
X	73	2	50
Y	65	2	51
Z	76	2	52
a	50	0	1
b	50	2	2
c	44	0	3
d	54	2	4
e	44	0	5
f	36	2	6
g	50	1	7
h	52	2	8
i	35	0	9
j	35	1	10
k	55	2	11
l	35	2	12
m	79	0	13
n	53	0	14
o	48	0	15
p	51	1	16
q	49	1	17
r	39	0	18
s	40	0	19
t	34	2	20
u	52	0	21
v	39	0	22
w	63	0	23
x	52	0	24
y	48	1	25
z	44	0	26
1	52	2	54
2	52	2	55
3	52	2	56
4	52	2	57
5	52	2	58
6	52	2	59
7	52	2	60
8	52	2	61
9	52	2	62
0	52	2	63
$	52	0	77
&	73	0	53
:	26	0	66
;	26	0	67
.	26	0	64
,	26	0	65
`	26	0	74
'	26	0	73
?	52	0	68
!	26	0	69
%	79	0	79
*	52	0	86
(	41	0	70
)	41	0	71
/	52	2	80
hy	43	0	72
-	"
em	104	0	75
dg	52	3	88
sc	52	3	87
[	41	0	84
]	41	0	85
