# News Gothic Condensed
name H
internalname 5417
ligatures 0
charset
\|	12	0	0
\^	6	0	0
A	45	2	27
B	48	2	28
C	46	2	29
D	48	2	30
E	43	2	31
F	43	2	32
G	50	2	33
H	49	2	34
I	19	2	35
J	28	2	36
K	47	2	37
L	41	2	38
M	61	2	39
N	51	2	40
O	49	2	41
P	45	2	42
Q	49	2	43
R	46	2	44
S	44	2	45
T	41	2	46
U	48	2	47
V	43	2	48
W	64	2	49
X	44	2	50
Y	44	2	51
Z	41	2	52
a	40	0	1
b	42	2	2
c	38	0	3
d	41	2	4
e	38	0	5
f	26	2	6
g	38	1	7
h	41	2	8
i	19	0	9
j	20	1	10
k	39	2	11
l	19	2	12
m	63	0	13
n	42	0	14
o	41	0	15
p	41	1	16
q	42	1	17
r	30	0	18
s	36	0	19
t	28	2	20
u	42	0	21
v	39	0	22
w	56	0	23
x	36	0	24
y	39	1	25
z	34	0	26
1	44	2	54
2	44	2	55
3	44	2	56
4	44	2	57
5	44	2	58
6	44	2	59
7	44	2	60
8	44	2	61
9	44	2	62
0	44	2	63
$	44	0	77
&	54	0	53
:	22	0	66
;	22	0	67
.	22	0	64
,	22	0	65
`	22	0	74
'	22	0	73
?	44	0	68
!	22	0	69
%	66	0	79
*	44	0	86
(	44	0	70
)	44	0	71
/	44	2	80
hy	22	0	72
-	"
em	88	0	75
dg	50	3	88
sc	52	3	87
[	25	0	84
]	25	0	85
