# Century Expanded
name PA
internalname 3097
ligatures 0
charset
\|	12	0	0
\^	6	0	0
A	78	2	27
B	68	2	28
C	67	2	29
D	78	2	30
E	70	2	31
F	68	2	32
G	79	2	33
H	85	2	34
I	39	2	35
J	51	2	36
K	79	2	37
L	65	2	38
M	90	2	39
N	78	2	40
O	68	2	41
P	67	2	42
Q	73	2	43
R	73	2	44
S	61	2	45
T	65	2	46
U	78	2	47
V	73	2	48
W	101	2	49
X	73	2	50
Y	73	2	51
Z	61	2	52
a	51	0	1
b	56	2	2
c	47	0	3
d	56	2	4
e	46	0	5
f	39	2	6
g	54	1	7
h	60	2	8
i	27	0	9
j	37	1	10
k	56	2	11
l	32	2	12
m	88	0	13
n	59	0	14
o	50	0	15
p	56	1	16
q	56	1	17
r	46	0	18
s	45	0	19
t	40	2	20
u	55	0	21
v	52	0	22
w	76	0	23
x	54	0	24
y	54	1	25
z	45	0	26
1	50	2	54
2	50	2	55
3	50	2	56
4	50	2	57
5	50	2	58
6	50	2	59
7	50	2	60
8	50	2	61
9	50	2	62
0	50	2	63
$	50	0	77
&	75	0	53
:	25	0	66
;	25	0	67
.	25	0	64
,	25	0	65
`	25	0	74
'	25	0	73
?	50	0	68
!	25	0	69
%	100	0	79
*	50	0	86
(	37	0	70
)	37	0	71
/	50	2	80
hy	37	0	72
-	"
em	100	0	75
dg	50	3	88
sc	50	3	87
[	30	0	84
]	30	0	85
