# Century Bold Italic (also CK)
name PX
internalname 3355
ligatures 0
charset
\|	12	0	0
\^	6	0	0
A	78	2	27
B	81	2	28
C	70	2	29
D	87	2	30
E	80	2	31
F	76	2	32
G	79	2	33
H	90	2	34
I	51	2	35
J	65	2	36
K	88	2	37
L	72	2	38
M	103	2	39
N	87	2	40
O	81	2	41
P	79	2	42
Q	81	2	43
R	80	2	44
S	66	2	45
T	69	2	46
U	83	2	47
V	77	2	48
W	98	2	49
X	79	2	50
Y	73	2	51
Z	74	2	52
a	60	0	1
b	59	2	2
c	51	0	3
d	63	2	4
e	50	0	5
f	38	2	6
g	63	1	7
h	64	2	8
i	38	0	9
j	36	1	10
k	64	2	11
l	37	2	12
m	91	0	13
n	65	0	14
o	52	0	15
p	62	1	16
q	59	1	17
r	50	0	18
s	50	0	19
t	41	2	20
u	64	0	21
v	59	0	22
w	86	0	23
x	61	0	24
y	60	1	25
z	50	0	26
1	52	2	54
2	52	2	55
3	52	2	56
4	52	2	57
5	52	2	58
6	52	2	59
7	52	2	60
8	52	2	61
9	52	2	62
0	52	2	63
$	52	0	77
&	84	0	53
:	26	0	66
;	26	0	67
.	26	0	64
,	26	0	65
`	26	0	74
'	26	0	73
?	52	0	68
!	32	0	69
%	104	0	79
*	52	0	86
(	52	0	70
)	52	0	71
/	52	2	80
hy	40	0	72
-	"
em	104	0	75
dg	52	3	88
sc	52	3	87
[	52	0	84
]	52	0	85
