# Courier Typewriter
name CW
internalname 5160
spacewidth 63
max_range 1
charset
A	63	2	27
B	63	2	28
C	63	2	29
D	63	2	30
E	63	2	31
F	63	2	32
G	63	2	33
H	63	2	34
I	63	2	35
J	63	2	36
K	63	2	37
L	63	2	38
M	63	2	39
N	63	2	40
O	63	2	41
P	63	2	42
Q	63	2	43
R	63	2	44
S	63	2	45
T	63	2	46
U	63	2	47
V	63	2	48
W	63	2	49
X	63	2	50
Y	63	2	51
Z	63	2	52
a	63	0	1
b	63	2	2
c	63	0	3
d	63	2	4
e	63	0	5
f	63	2	6
g	63	1	7
h	63	2	8
i	63	0	9
j	63	1	10
k	63	2	11
l	63	2	12
m	63	0	13
n	63	0	14
o	63	0	15
p	63	1	16
q	63	1	17
r	63	0	18
s	63	0	19
t	63	2	20
u	63	0	21
v	63	0	22
w	63	0	23
x	63	0	24
y	63	1	25
z	63	0	26
1	63	2	54
2	63	2	55
3	63	2	56
4	63	2	57
5	63	2	58
6	63	2	59
7	63	2	60
8	63	2	61
9	63	2	62
0	63	2	63
$	63	0	77
ct	63	3	78
&	63	0	53
:	63	0	66
;	63	0	67
.	63	0	64
,	63	0	65
"	63	0	91
'	63	0	73
?	63	0	68
!	63	0	69
%	63	0	79
*	63	0	86
(	63	0	70
)	63	0	71
/	63	2	80
sl	"
hy	63	0	72
-	"
em	63	0	75
_	63	0	106
|	63	0	100
#	63	0	92
@	63	0	96
dg	63	3	125
[	63	0	84
]	63	0	85
