# Geneva Regular (also Helvetica Regular)
name H
internalname 4129
ligatures 0
charset
\|	12	0	0
\^	6	0	0
A	64	2	27
B	64	2	28
C	68	2	29
D	66	2	30
E	60	2	31
F	60	2	32
G	70	2	33
H	63	2	34
I	24	2	35
J	51	2	36
K	64	2	37
L	56	2	38
M	80	2	39
N	66	2	40
O	74	2	41
P	62	2	42
Q	76	2	43
R	66	2	44
S	64	2	45
T	56	2	46
U	66	2	47
V	64	2	48
W	90	2	49
X	64	2	50
Y	66	2	51
Z	60	2	52
a	56	0	1
b	56	2	2
c	54	0	3
d	56	2	4
e	56	0	5
f	30	2	6
g	56	1	7
h	54	2	8
i	24	0	9
j	24	1	10
k	52	2	11
l	24	2	12
m	76	0	13
n	50	0	14
o	56	0	15
p	56	1	16
q	56	1	17
r	34	0	18
s	52	0	19
t	32	2	20
u	50	0	21
v	48	0	22
w	70	0	23
x	52	0	24
y	50	1	25
z	48	0	26
1	56	2	54
2	56	2	55
3	56	2	56
4	56	2	57
5	56	2	58
6	56	2	59
7	56	2	60
8	56	2	61
9	56	2	62
0	56	2	63
$	56	0	77
&	64	0	53
:	28	0	66
;	28	0	67
.	28	0	64
,	28	0	65
`	28	0	74
'	28	0	73
?	52	0	68
!	28	0	69
%	84	0	79
*	56	0	86
(	36	0	70
)	36	0	71
/	56	2	80
hy	32	0	72
-	"
em	112	0	75
dg	56	3	88
sc	56	3	87
[	32	0	84
]	32	0	85
