# German Script
name PI
internalname 6190
alternate_font
max_range 2
charset
\|	12	0	0
\^	6	0	0
A	71	2	27
B	75	2	28
C	63	2	29
D	79	2	30
E	66	2	31
F	69	2	32
G	74	2	33
H	69	2	34
I	67	2	35
J	66	2	36
K	68	2	37
L	59	2	38
M	99	2	39
N	77	2	40
O	78	2	41
P	74	2	42
Q	82	2	43
R	72	2	44
S	77	2	45
T	67	2	46
U	65	2	47
V	73	2	48
W	92	2	49
X	66	2	50
Y	67	2	51
Z	65	2	52
a	48	0	1
b	47	2	2
c	34	0	3
d	46	2	4
e	38	0	5
f	29	2	6
g	44	1	7
h	47	2	8
i	30	0	9
j	28	1	10
k	36	2	11
l	29	2	12
m	78	0	13
n	55	0	14
o	46	0	15
p	50	1	16
q	46	1	17
r	42	0	18
s	48	0	19
t	31	2	20
u	55	0	21
v	45	0	22
w	69	0	23
x	42	0	24
y	47	1	25
z	38	0	26
1	52	2	54
2	52	2	55
3	52	2	56
4	52	2	57
5	52	2	58
6	52	2	59
7	52	2	60
8	52	2	61
9	52	2	62
0	52	2	63
$	52	0	77
&	75	0	53
:	26	0	66
;	26	0	67
.	26	0	64
,	26	0	65
`	26	0	74
'	26	0	73
?	43	0	68
!	26	0	69
%	75	0	79
*	52	0	86
(	34	0	70
)	34	0	71
/	52	2	80
hy	34	0	72
-	"
em	104	0	75
dg	52	3	88
sc	52	3	87
[	29	0	84
]	30	0	85
