# Helvetica Black (also Helvetica Medium, Geneva Medium)
name HK
internalname 3871
ligatures 0
charset
\|	12	0	0
\^	6	0	0
A	66	2	27
B	66	2	28
C	70	2	29
D	70	2	30
E	64	2	31
F	62	2	32
G	74	2	33
H	66	2	34
I	28	2	35
J	54	2	36
K	68	2	37
L	56	2	38
M	80	2	39
N	68	2	40
O	74	2	41
P	62	2	42
Q	76	2	43
R	64	2	44
S	64	2	45
T	62	2	46
U	68	2	47
V	64	2	48
W	90	2	49
X	62	2	50
Y	62	2	51
Z	62	2	52
a	56	0	1
b	60	2	2
c	56	0	3
d	60	2	4
e	58	0	5
f	36	2	6
g	60	1	7
h	56	2	8
i	26	0	9
j	26	1	10
k	58	2	11
l	26	2	12
m	84	0	13
n	58	0	14
o	60	0	15
p	60	1	16
q	60	1	17
r	38	0	18
s	52	0	19
t	36	2	20
u	56	0	21
v	52	0	22
w	78	0	23
x	56	0	24
y	54	1	25
z	50	0	26
1	60	2	54
2	60	2	55
3	60	2	56
4	60	2	57
5	60	2	58
6	60	2	59
7	60	2	60
8	60	2	61
9	60	2	62
0	60	2	63
$	60	0	77
&	70	0	53
:	30	0	66
;	30	0	67
.	30	0	64
,	30	0	65
`	30	0	74
'	30	0	73
?	30	0	68
!	30	0	69
%	90	0	79
*	30	0	86
(	32	0	70
)	32	0	71
/	60	2	80
hy	30	0	72
-	"
em	120	0	75
dg	60	3	88
sc	60	3	87
[	30	0	84
]	30	0	85
