# Times Roman Italic (with 15 characters from new disk)
name I
internalname 267
alternate_font
ligatures 0
charset
\|	12	0	0
\^	6	0	0
A	73	2	27
B	65	2	28
C	69	2	29
D	73	2	30
E	70	2	31
F	63	2	32
G	72	2	33
H	82	2	34
I	40	2	35
J	52	2	36
K	72	2	37
L	62	2	38
M	97	2	39
N	79	2	40
O	72	2	41
P	63	2	42
Q	74	2	43
R	75	2	44
S	63	2	45
T	69	2	46
U	72	2	47
V	68	2	48
W	94	2	49
X	71	2	50
Y	69	2	51
Z	72	2	52
a	52	0	1
b	51	2	2
c	43	0	3
d	55	2	4
e	44	0	5
f	36	2	6
g	50	1	7
h	55	2	8
i	30	0	9
j	34	1	10
k	57	2	11
l	32	2	12
m	82	0	13
n	51	0	14
o	51	0	15
p	53	1	16
q	52	1	17
r	40	0	18
s	41	0	19
t	34	2	20
u	56	0	21
v	45	0	22
w	67	0	23
x	56	0	24
y	50	1	25
z	46	0	26
1	52	2	54
2	52	2	55
3	52	2	56
4	52	2	57
5	52	2	58
6	52	2	59
7	52	2	60
8	52	2	61
9	52	2	62
0	52	2	63
$	52	0	77
&	84	0	53
:	26	0	66
;	26	0	67
.	26	0	64
,	26	0	65
`	26	0	74
'	26	0	73
?	44	0	68
!	36	0	69
%	104	0	79
*	52	0	86
(	40	0	70
)	40	0	71
/	24	2	80
hy	45	0	72
-	"
em	96	0	75
en	52	0	76
dg	52	3	88
sc	46	3	87
[	34	0	84
]	34	0	85
