# Malibu 2 Bold Roman
name PB
internalname 7220
ligatures 0
charset
\|	12	0	0
\^	6	0	0
A	81	2	27
B	65	2	28
C	74	2	29
D	83	2	30
E	63	2	31
F	58	2	32
G	80	2	33
H	80	2	34
I	38	2	35
J	37	2	36
K	74	2	37
L	60	2	38
M	98	2	39
N	83	2	40
O	85	2	41
P	62	2	42
Q	82	2	43
R	73	2	44
S	60	2	45
T	70	2	46
U	77	2	47
V	79	2	48
W	101	2	49
X	66	2	50
Y	70	2	51
Z	64	2	52
a	51	0	1
b	60	2	2
c	45	0	3
d	60	2	4
e	51	0	5
f	37	2	6
g	54	1	7
h	64	2	8
i	35	0	9
j	33	1	10
k	60	2	11
l	35	2	12
m	91	0	13
n	62	0	14
o	55	0	15
p	60	1	16
q	61	1	17
r	41	0	18
s	44	0	19
t	35	2	20
u	62	0	21
v	59	0	22
w	85	0	23
x	53	0	24
y	59	1	25
z	52	0	26
1	50	2	54
2	50	2	55
3	50	2	56
4	50	2	57
5	50	2	58
6	50	2	59
7	50	2	60
8	50	2	61
9	50	2	62
0	50	2	63
$	50	0	77
&	79	0	53
:	25	0	66
;	25	0	67
.	25	0	64
,	25	0	65
`	25	0	74
'	25	0	73
?	44	0	68
!	25	0	69
%	84	0	79
*	50	0	86
(	29	0	70
)	30	0	71
/	55	2	80
hy	39	0	72
-	"
em	100	0	75
dg	50	3	88
sc	50	3	87
[	33	0	84
]	33	0	85
