# Malibu 2 Italic
name PI
internalname 6962
ligatures 0
charset
\|	12	0	0
\^	6	0	0
A	68	2	27
B	57	2	28
C	65	2	29
D	73	2	30
E	56	2	31
F	53	2	32
G	71	2	33
H	78	2	34
I	36	2	35
J	34	2	36
K	61	2	37
L	53	2	38
M	90	2	39
N	77	2	40
O	76	2	41
P	60	2	42
Q	78	2	43
R	64	2	44
S	49	2	45
T	60	2	46
U	75	2	47
V	68	2	48
W	86	2	49
X	66	2	50
Y	61	2	51
Z	59	2	52
a	48	0	1
b	49	2	2
c	43	0	3
d	52	2	4
e	44	0	5
f	29	2	6
g	48	1	7
h	54	2	8
i	30	0	9
j	29	1	10
k	46	2	11
l	30	2	12
m	78	0	13
n	55	0	14
o	47	0	15
p	53	1	16
q	48	1	17
r	38	0	18
s	39	0	19
t	33	2	20
u	55	0	21
v	53	0	22
w	74	0	23
x	47	0	24
y	49	1	25
z	41	0	26
1	50	2	54
2	50	2	55
3	50	2	56
4	50	2	57
5	50	2	58
6	50	2	59
7	50	2	60
8	50	2	61
9	50	2	62
0	50	2	63
$	50	0	77
&	77	0	53
:	25	0	66
;	25	0	67
.	25	0	64
,	25	0	65
`	25	0	74
'	25	0	73
?	35	0	68
!	25	0	69
%	86	0	79
*	39	0	86
(	24	0	70
)	24	0	71
/	57	2	80
hy	39	0	72
-	"
em	100	0	75
dg	48	3	88
sc	48	3	87
[	35	0	84
]	37	0	85
