# Malibu 2 Roman
name PA
internalname 6704
ligatures 0
charset
\|	12	0	0
\^	6	0	0
A	75	2	27
B	59	2	28
C	72	2	29
D	77	2	30
E	60	2	31
F	54	2	32
G	79	2	33
H	81	2	34
I	33	2	35
J	31	2	36
K	67	2	37
L	59	2	38
M	93	2	39
N	83	2	40
O	81	2	41
P	63	2	42
Q	79	2	43
R	66	2	44
S	58	2	45
T	62	2	46
U	77	2	47
V	71	2	48
W	97	2	49
X	63	2	50
Y	66	2	51
Z	63	2	52
a	50	0	1
b	56	2	2
c	44	0	3
d	58	2	4
e	49	0	5
f	33	2	6
g	53	1	7
h	60	2	8
i	28	0	9
j	28	1	10
k	55	2	11
l	29	2	12
m	87	0	13
n	59	0	14
o	55	0	15
p	58	1	16
q	54	1	17
r	37	0	18
s	42	0	19
t	32	2	20
u	58	0	21
v	55	0	22
w	81	0	23
x	49	0	24
y	55	1	25
z	49	0	26
1	54	2	54
2	54	2	55
3	54	2	56
4	54	2	57
5	54	2	58
6	54	2	59
7	54	2	60
8	54	2	61
9	54	2	62
0	54	2	63
$	54	0	77
&	76	0	53
:	27	0	66
;	27	0	67
.	27	0	64
,	27	0	65
`	27	0	74
'	27	0	73
?	41	0	68
!	25	0	69
%	94	0	79
*	45	0	86
(	33	0	70
)	32	0	71
/	59	2	80
hy	37	0	72
-	"
em	108	0	75
dg	50	3	88
sc	51	3	87
[	27	0	84
]	28	0	85
