# Malibu 2 Bold Italic
name PX
internalname 7478
ligatures 0
charset
\|	12	0	0
\^	6	0	0
A	75	2	27
B	66	2	28
C	68	2	29
D	79	2	30
E	64	2	31
F	61	2	32
G	77	2	33
H	78	2	34
I	38	2	35
J	37	2	36
K	74	2	37
L	59	2	38
M	96	2	39
N	81	2	40
O	78	2	41
P	66	2	42
Q	81	2	43
R	70	2	44
S	52	2	45
T	68	2	46
U	77	2	47
V	70	2	48
W	102	2	49
X	73	2	50
Y	62	2	51
Z	68	2	52
a	55	0	1
b	56	2	2
c	44	0	3
d	60	2	4
e	45	0	5
f	39	2	6
g	53	1	7
h	56	2	8
i	34	0	9
j	35	1	10
k	54	2	11
l	35	2	12
m	82	0	13
n	57	0	14
o	53	0	15
p	58	1	16
q	55	1	17
r	45	0	18
s	43	0	19
t	41	2	20
u	58	0	21
v	54	0	22
w	81	0	23
x	55	0	24
y	57	1	25
z	48	0	26
1	56	2	54
2	56	2	55
3	56	2	56
4	56	2	57
5	56	2	58
6	56	2	59
7	56	2	60
8	56	2	61
9	56	2	62
0	56	2	63
$	56	0	77
&	83	0	53
:	28	0	66
;	28	0	67
.	28	0	64
,	28	0	65
`	28	0	74
'	28	0	73
?	45	0	68
!	25	0	69
%	86	0	79
*	56	0	86
(	28	0	70
)	28	0	71
/	67	2	80
hy	44	0	72
-	"
em	112	0	75
dg	56	3	88
sc	56	3	87
[	39	0	84
]	39	0	85
