# Palatino (also Malibu)
name PA
internalname 2067
ligatures 0
charset
\|	12	0	0
\^	6	0	0
A	76	2	27
B	60	2	28
C	70	2	29
D	78	2	30
E	58	2	31
F	56	2	32
G	74	2	33
H	85	2	34
I	36	2	35
J	37	2	36
K	73	2	37
L	61	2	38
M	96	2	39
N	85	2	40
O	80	2	41
P	62	2	42
Q	78	2	43
R	67	2	44
S	55	2	45
T	62	2	46
U	79	2	47
V	73	2	48
W	98	2	49
X	68	2	50
Y	68	2	51
Z	66	2	52
a	48	0	1
b	57	2	2
c	45	0	3
d	60	2	4
e	50	0	5
f	37	2	6
g	57	1	7
h	63	2	8
i	32	0	9
j	24	1	10
k	57	2	11
l	33	2	12
m	88	0	13
n	63	0	14
o	55	0	15
p	60	1	16
q	57	1	17
r	41	0	18
s	41	0	19
t	34	2	20
u	60	0	21
v	57	0	22
w	83	0	23
x	51	0	24
y	56	1	25
z	50	0	26
1	52	2	54
2	52	2	55
3	52	2	56
4	52	2	57
5	52	2	58
6	52	2	59
7	52	2	60
8	52	2	61
9	52	2	62
0	52	2	63
$	52	0	77
&	75	0	53
:	26	0	66
;	26	0	67
.	26	0	64
,	26	0	65
`	26	0	74
'	26	0	73
?	43	0	68
!	26	0	69
%	75	0	79
*	52	0	86
(	34	0	70
)	34	0	71
/	52	2	80
hy	34	0	72
-	"
em	104	0	75
dg	52	3	88
sc	52	3	87
[	29	0	84
]	30	0	85
