# Palatino Bold (also Malibu Bold)
name PB
internalname 2325
ligatures 0
charset
\|	12	0	0
\^	6	0	0
A	78	2	27
B	63	2	28
C	72	2	29
D	84	2	30
E	61	2	31
F	57	2	32
G	79	2	33
H	86	2	34
I	41	2	35
J	43	2	36
K	78	2	37
L	63	2	38
M	102	2	39
N	85	2	40
O	84	2	41
P	63	2	42
Q	84	2	43
R	74	2	44
S	58	2	45
T	67	2	46
U	79	2	47
V	79	2	48
W	101	2	49
X	68	2	50
Y	69	2	51
Z	65	2	52
a	50	0	1
b	61	2	2
c	46	0	3
d	61	2	4
e	50	0	5
f	41	2	6
g	56	1	7
h	63	2	8
i	35	0	9
j	32	1	10
k	63	2	11
l	35	2	12
m	91	0	13
n	63	0	14
o	57	0	15
p	61	1	16
q	61	1	17
r	42	0	18
s	43	0	19
t	37	2	20
u	61	0	21
v	59	0	22
w	85	0	23
x	52	0	24
y	59	1	25
z	50	0	26
1	52	2	54
2	52	2	55
3	52	2	56
4	52	2	57
5	52	2	58
6	52	2	59
7	52	2	60
8	52	2	61
9	52	2	62
0	52	2	63
$	52	0	77
&	80	0	53
:	26	0	66
;	26	0	67
.	26	0	64
,	26	0	65
`	26	0	74
'	26	0	73
?	49	0	68
!	26	0	69
%	78	0	79
*	52	0	86
(	34	0	70
)	34	0	71
/	52	2	80
hy	40	0	72
-	"
em	104	0	75
dg	50	3	88
sc	50	3	87
[	25	0	84
]	25	0	85
