# Palatino Italic (also Malibu Italic)
name PI
internalname 2583
ligatures 0
charset
\|	12	0	0
\^	6	0	0
A	72	2	27
B	58	2	28
C	63	2	29
D	74	2	30
E	55	2	31
F	56	2	32
G	68	2	33
H	79	2	34
I	35	2	35
J	37	2	36
K	68	2	37
L	54	2	38
M	99	2	39
N	80	2	40
O	75	2	41
P	59	2	42
Q	74	2	43
R	65	2	44
S	50	2	45
T	60	2	46
U	77	2	47
V	71	2	48
W	93	2	49
X	72	2	50
Y	69	2	51
Z	63	2	52
a	47	0	1
b	43	2	2
c	42	0	3
d	52	2	4
e	42	0	5
f	34	2	6
g	49	1	7
h	52	2	8
i	25	0	9
j	30	1	10
k	49	2	11
l	29	2	12
m	77	0	13
n	54	0	14
o	46	0	15
p	51	1	16
q	46	1	17
r	38	0	18
s	37	0	19
t	34	2	20
u	52	0	21
v	51	0	22
w	72	0	23
x	49	0	24
y	52	1	25
z	45	0	26
1	50	2	54
2	50	2	55
3	50	2	56
4	50	2	57
5	50	2	58
6	50	2	59
7	50	2	60
8	50	2	61
9	50	2	62
0	50	2	63
$	50	0	77
&	75	0	53
:	25	0	66
;	25	0	67
.	25	0	64
,	25	0	65
`	25	0	74
'	25	0	73
?	40	0	68
!	25	0	69
%	75	0	79
*	55	0	86
(	34	0	70
)	34	0	71
/	50	2	80
hy	38	0	72
-	"
em	100	0	75
dg	50	3	88
sc	50	3	87
[	34	0	84
]	34	0	85
