# Constant Width (also CW)
name PO
internalname 2841
spacewidth 68
max_range 2
charset
A	68	2	27
B	68	2	28
C	68	2	29
D	68	2	30
E	68	2	31
F	68	2	32
G	68	2	33
H	68	2	34
I	68	2	35
J	68	2	36
K	68	2	37
L	68	2	38
M	68	2	39
N	68	2	40
O	68	2	41
P	68	2	42
Q	68	2	43
R	68	2	44
S	68	2	45
T	68	2	46
U	68	2	47
V	68	2	48
W	68	2	49
X	68	2	50
Y	68	2	51
Z	68	2	52
a	68	0	1
b	68	2	2
c	68	0	3
d	68	2	4
e	68	0	5
f	68	2	6
g	68	1	7
h	68	2	8
i	68	0	9
j	68	1	10
k	68	2	11
l	68	2	12
m	68	0	13
n	68	0	14
o	68	0	15
p	68	1	16
q	68	1	17
r	68	0	18
s	68	0	19
t	68	2	20
u	68	0	21
v	68	0	22
w	68	0	23
x	68	0	24
y	68	1	25
z	68	0	26
1	68	2	54
2	68	2	55
3	68	2	56
4	68	2	57
5	68	2	58
6	68	2	59
7	68	2	60
8	68	2	61
9	68	2	62
0	68	2	63
$	68	0	77
ct	68	3	78
&	68	0	53
:	68	0	66
;	68	0	67
.	68	0	64
,	68	0	65
`	68	0	74
'	68	0	73
?	68	0	68
!	68	0	69
%	68	0	79
*	68	0	86
(	68	0	70
)	68	0	71
/	68	2	80
sl	"
hy	68	0	72
-	"
=	68	0	104
+	68	0	98
no	68	0	99
<	68	0	103
>	68	0	102
{	68	0	107
}	68	0	108
^	68	0	105
~	68	0	95
"	68	0	91
fm	68	2	83
_	68	0	106
ul	"
|	68	0	100
or	"
lh	68	2	124
\	68	0	101
#	68	0	92
@	68	0	96
sq	68	0	126
->	68	0	121
<-	68	0	122
dg	68	3	125
ua	68	3	123
da	68	3	120
[	68	0	84
]	68	0	85
