# Times Roman (with 15 characters from new disk)
name R
internalname 9
alternate_font
ligatures 0
charset
\|	12	0	0
\^	6	0	0
A	77	2	27
B	67	2	28
C	73	2	29
D	77	2	30
E	67	2	31
F	63	2	32
G	78	2	33
H	83	2	34
I	40	2	35
J	48	2	36
K	77	2	37
L	67	2	38
M	99	2	39
N	85	2	40
O	77	2	41
P	61	2	42
Q	77	2	43
R	76	2	44
S	60	2	45
T	67	2	46
U	80	2	47
V	73	2	48
W	103	2	49
X	78	2	50
Y	78	2	51
Z	71	2	52
a	50	0	1
b	53	2	2
c	45	0	3
d	53	2	4
e	45	0	5
f	35	2	6
g	51	1	7
h	54	2	8
i	28	0	9
j	30	1	10
k	52	2	11
l	28	2	12
m	82	0	13
n	53	0	14
o	48	0	15
p	52	1	16
q	52	1	17
r	39	0	18
s	38	0	19
t	34	2	20
u	54	0	21
v	46	0	22
w	70	0	23
x	50	0	24
y	50	1	25
z	46	0	26
1	52	2	54
2	52	2	55
3	52	2	56
4	52	2	57
5	52	2	58
6	52	2	59
7	52	2	60
8	52	2	61
9	52	2	62
0	52	2	63
$	52	0	77
&	90	0	53
:	26	0	66
;	26	0	67
.	26	0	64
,	26	0	65
`	26	0	74
'	26	0	73
?	52	0	68
!	26	0	69
%	78	0	79
*	52	0	86
(	43	0	70
)	43	0	71
/	46	2	80
hy	35	0	72
-	"
em	96	0	75
en	52	0	76
dg	52	3	88
sc	46	3	87
[	37	0	84
]	37	0	85
