name S
internalname 1297
special
alternate_font
max_range 3
charset
"	35	0	125
\'	27	2	3
aa	"
\	37	0	79
^	40	0	5
ul	45	1	117
_	"
\`	27	2	4
ga	"
~	40	0	7
<	96	0	74
>	96	0	73
{	37	0	87
}	37	0	88
#	72	0	22
@	96	0	13
pl	72	0	58
+	"
mi	72	0	59
\-	"
eq	72	0	61
=	"
**	43	0	85
sr	81	3	90
rn	48	2	128
<=	96	2	76
>=	96	2	75
==	96	0	83
ap	96	0	80
~=	96	0	81
!=	96	2	112
->	96	0	108
<-	96	0	109
ua	48	3	110
da	48	3	111
mu	72	0	60
di	72	0	62
+-	96	0	63
cu	96	2	97
ca	96	2	96
sb	96	2	94
sp	96	2	95
ib	96	3	98
ip	96	3	99
if	91	0	69
pd	56	2	72
gr	96	2	71
no	59	0	132
is	64	3	91
pt	72	0	68
es	74	2	67
mo	72	2	100
dd	46	2	2
rh	126	2	24
lh	128	2	25
or	24	2	77
ci	85	2	20
|	0	0	89
br	"
ts	48	0	70
*Q	85	2	50
*W	96	2	57
bu	72	0	17
sq	72	0	21
bx	72	0	18
ru	42	0	102
fm	21	2	65
Sl	55	2	86
bv	50	3	118
lt	50	3	119
lb	50	3	121
rt	50	3	120
rb	50	3	122
lk	50	3	123
rk	50	3	124
lf	50	3	113
rf	50	3	114
lc	50	3	115
rc	50	3	116
