# Script
name PI
internalname 5675
alternate_font
max_range 2
charset
\|	12	0	0
\^	6	0	0
A	81	2	27
B	91	2	28
C	82	2	29
D	88	2	30
E	62	2	31
F	75	2	32
G	84	2	33
H	87	2	34
I	66	2	35
J	55	2	36
K	86	2	37
L	78	2	38
M	100	2	39
N	87	2	40
O	60	2	41
P	74	2	42
Q	67	2	43
R	87	2	44
S	78	2	45
T	69	2	46
U	91	2	47
V	65	2	48
W	90	2	49
X	78	2	50
Y	81	2	51
Z	84	2	52
a	36	0	1
b	30	2	2
c	24	0	3
d	36	2	4
e	26	0	5
f	28	2	6
g	34	1	7
h	39	2	8
i	22	0	9
j	23	1	10
k	35	2	11
l	22	2	12
m	62	0	13
n	44	0	14
o	26	0	15
p	40	1	16
q	36	1	17
r	30	0	18
s	23	0	19
t	23	2	20
u	36	0	21
v	38	0	22
w	46	0	23
x	33	0	24
y	44	1	25
z	36	0	26
1	52	2	54
2	52	2	55
3	52	2	56
4	52	2	57
5	52	2	58
6	52	2	59
7	52	2	60
8	52	2	61
9	52	2	62
0	52	2	63
$	52	0	77
&	75	0	53
:	26	0	66
;	26	0	67
.	26	0	64
,	26	0	65
`	26	0	74
'	26	0	73
?	52	0	68
!	32	0	69
%	104	0	79
*	52	0	86
(	52	0	70
)	52	0	71
/	52	2	80
hy	40	0	72
-	"
em	104	0	75
dg	52	3	88
sc	52	3	87
[	52	0	84
]	52	0	85
