# Stymie Medium
name CW
internalname 4903
max_range 2
charset
\|	12	0	0
\^	6	0	0
A	77	2	27
B	64	2	28
C	77	2	29
D	74	2	30
E	60	2	31
F	56	2	32
G	82	2	33
H	78	2	34
I	36	2	35
J	37	2	36
K	73	2	37
L	59	2	38
M	89	2	39
N	73	2	40
O	85	2	41
P	61	2	42
Q	86	2	43
R	64	2	44
S	57	2	45
T	60	2	46
U	79	2	47
V	71	2	48
W	104	2	49
X	67	2	50
Y	66	2	51
Z	56	2	52
a	52	0	1
b	60	2	2
c	51	0	3
d	60	2	4
e	52	0	5
f	32	2	6
g	58	1	7
h	59	2	8
i	31	0	9
j	30	1	10
k	55	2	11
l	31	2	12
m	82	0	13
n	58	0	14
o	52	0	15
p	60	1	16
q	60	1	17
r	39	0	18
s	42	0	19
t	28	2	20
u	58	0	21
v	51	0	22
w	74	0	23
x	53	0	24
y	52	1	25
z	42	0	26
1	56	2	54
2	56	2	55
3	56	2	56
4	56	2	57
5	56	2	58
6	56	2	59
7	56	2	60
8	56	2	61
9	56	2	62
0	56	2	63
$	56	0	77
ct	56	3	78
&	68	0	53
:	28	0	66
;	28	0	67
.	28	0	64
,	28	0	65
`	28	0	74
'	28	0	73
?	56	0	68
!	28	0	69
%	112	0	79
*	52	0	86
(	29	0	70
)	29	0	71
/	52	2	80
hy	35	0	72
-	"
em	112	0	75
#	75	0	92
@	113	0	96
dg	57	3	125
[	23	0	84
]	23	0	85
