# Techno Bold (also Futura Demi-Bold, Utica Demi-Bold)
name HK
internalname 5932
ligatures 0
charset
\|	12	0	0
\^	6	0	0
A	66	2	27
B	55	2	28
C	61	2	29
D	61	2	30
E	48	2	31
F	45	2	32
G	72	2	33
H	67	2	34
I	26	2	35
J	44	2	36
K	60	2	37
L	38	2	38
M	83	2	39
N	71	2	40
O	72	2	41
P	52	2	42
Q	72	2	43
R	55	2	44
S	50	2	45
T	50	2	46
U	66	2	47
V	65	2	48
W	88	2	49
X	66	2	50
Y	60	2	51
Z	57	2	52
a	55	0	1
b	55	2	2
c	39	0	3
d	57	2	4
e	50	0	5
f	33	2	6
g	56	1	7
h	56	2	8
i	24	0	9
j	24	1	10
k	49	2	11
l	24	2	12
m	83	0	13
n	56	0	14
o	49	0	15
p	55	1	16
q	55	1	17
r	32	0	18
s	38	0	19
t	33	2	20
u	57	0	21
v	48	0	22
w	83	0	23
x	50	0	24
y	48	1	25
z	44	0	26
1	55	2	54
2	55	2	55
3	55	2	56
4	55	2	57
5	55	2	58
6	55	2	59
7	55	2	60
8	55	2	61
9	55	2	62
0	55	2	63
$	55	0	77
&	82	0	53
:	28	0	66
;	28	0	67
.	28	0	64
,	28	0	65
`	28	0	74
'	28	0	73
?	55	0	68
!	28	0	69
%	90	0	79
*	55	0	86
(	25	0	70
)	25	0	71
/	55	2	80
hy	32	0	72
-	"
em	110	0	75
dg	55	3	88
sc	55	3	87
[	24	0	84
]	24	0	85
