R	6 8 9 10 12 14 16	999
I	6 8 9 10 12 14 16	999
B	6 8 9 10 12 14 16	999
BI	6 8 10 12	999
S	6 8 9 10 12 14 16 18 24	999
CH	8 10 12 14	999
CW	6 8 9 10 11 12 16	999
PO	6 8 9 10 11 12 16	999
H	6 8 9 10 12 14 16 18	999
HI	6 8 9 10 12 14 16 18	999
HB	9 10 14 999
HK	6 8 9 10 12 14 16 18 999
PA	6 8 10 12 14	999
PI	6 8 10 12 14	999
PB	6 8 10 12 14	999
PX	6 8 10 12	999
E	9 10 14	999
EI	9 10 14	999
EB	9 10 14	999
SV	6 8 9 10 14 999
MM	9 10 14 999
MK	9 10 14 999
MI	9 10 14 999
MB	9 10 14 999
M1	8 9 10 12 999
M2	8 10 999
M3	6 8 9 10 999
B1	6 8 9 10 999
B2	6 8 9 10 999
B3	6 8 9 10 999
B4	6 8 9 10 999
OE	6 8 9 10 12 16 999
